0,483
0,439
0,524
0,438
0,420
0,319
0,517
0,418
8260,36
0,417
8260,35
7996,2
7996,1
7996,0
7995,6
7995,5
7995,4
7995,3
7995,2
7995,1
7995,0
7994,3
7994,2
7994,1
7994,0
7993,7
7993,6
7993,5
7993,4
7993,3
7993,2
7993,1
7993,0
7992,3
7992,2
7992,1
7992,0
7991,12
7991,11
7991,10
7991,9
7991,8
7991,7
7991,6
7991,5
7991,4
7991,3
7991,2
7991,1
7991,0
7990,5
7990,4
7990,3
2,2
7990,2
2,1
7990,1
2,3
7990,0
7989,5
7989,4
7989,3
7989,2
7989,1
7989,0
7988,4
7988,3
7988,2
7988,1
7988,0
7987,5
7987,4
7987,3
7987,2
7987,1
7987,0
7986,5
7986,4
7986,3
7986,2
7986,1
7986,0
7985,3
7985,2
7985,1
7985,0
7984,4
7984,3
7984,2
7984,1
7984,0
7983,3
7983,2
7983,1
7983,0
7982,3
7982,2
7982,1
7982,0
7981,4
7981,3
7981,2
7981,1
7981,0
7980,3
7980,2
7980,1
7980,0
7979,3
7979,2
7979,1
7979,0
7978,4
7978,3
7978,2
7978,1
7978,0
7977,6
7977,5
7977,4
7977,3
7977,2
7977,1
7977,0
7976,9
7976,8
7976,7
7976,6
7976,5
7976,4
7976,3
7976,2
7976,1
7976,0
7975,4
7975,3
7975,2
7975,1
7975,0
7974,5
7974,4
7974,3
7974,2
7974,1
7974,0
14,72
14,66
14,25
14,18
14,16
14,12
14,11
14,6
14,1
0,510
0,486
0,475
0,469
0,466
0,464
0,462
0,461
0,457
0,456
0,455
0,453
0,452
0,450
0,449
0,446
0,443
0,442
0,441
0,436
0,432
0,427
0,243
0,0
8260,34
8260,33
8260,32
8260,31
8260,30
8260,29
8260,28
8260,27
8260,26
8260,25
8260,24
8260,23
8260,22
8260,21
8260,20
8260,19
8260,18
8260,17
8260,16
8260,15
8260,14
8260,13
8260,12
8260,11
8260,10
8260,9
8260,8
8260,7
8260,6
8260,5
8260,4
8260,3
8260,2
8260,0
0,435
0,434
0,433
0,519
0,428
0,425
0,276
0,431
0,430
0,275
0,272
0,271
0,528
0,12
0,481
0,10
0,516
0,8
0,573
0,385
0,268
0,410
0,384
0,267
0,404
0,383
0,266
0,395
0,382
0,265
0,492
0,381
0,264
0,416
0,380
0,263
0,394
0,379
0,262
0,508
0,378
0,261
0,544
0,377
0,260
0,542
0,376
0,259
0,523
0,375
0,258
0,482
0,374
0,257
0,565
0,373
0,256
0,393
0,372
0,255
0,389
0,371
0,254
0,522
0,370
0,253
0,388
0,369
0,252
0,543
0,368
0,251
0,312
0,367
0,250
0,308
0,366
0,249
0,530
0,365
0,248
0,500
0,364
0,247
0,541
0,363
0,246
0,409
0,362
0,245
0,474
0,361
0,244
0,536
0,360
0,242
0,549
0,359
0,241
0,521
0,358
0,240
0,491
7996,3
7997,0
7997,2
7997,3
7998,1
7998,2
7998,4
7999,1
7999,2
8000,0
8000,1
8000,3
13,4
13,1
8001,1
14,3
14,4
8001,3
8001,5
8001,7
8001,8
18,3
18,1
8001,11
8001,13
8002,0
8002,2
8002,3
8003,0
8003,1
8003,3
8003,5
8004,0
8004,2
8004,3
8004,5
8004,7
8004,8
8005,0
8005,1
8005,3
8006,0
8006,2
8006,4
8006,5
8007,1
8007,2
8008,0
8008,2
8008,3
8009,1
8009,2
8010,0
8010,2
8010,3
8011,1
8011,2
8012,0
8012,1
8012,3
8013,1
8013,2
8014,0
8014,1
8014,3
8014,5
8014,6
8014,8
8014,9
8015,1
8015,2
8015,4
8016,0
8016,1
8016,3
8016,4
8017,1
8017,3
8017,4
8018,0
8018,1
8018,3
8019,0
8019,2
8020,0
8020,1
8020,3
8020,4
8021,1
8021,3
8021,4
8022,1
8022,2
8022,4
8023,1
8023,2
8024,0
8024,1
8024,3
8024,4
8025,1
8025,3
8026,0
8026,2
8026,3
8027,0
8027,2
8027,3
8027,5
8027,6
8028,0
8028,1
8028,3
8029,1
8029,2
8030,0
8030,1
8030,3
8030,5
8030,6
8030,8
8030,9
8030,11
8030,12
8030,14
8031,1
8031,2
8031,4
8031,5
8032,0
8032,2
8032,3
8033,1
8033,2
8034,0
8034,1
8034,3
8034,5
8034,6
8035,1
8035,2
8036,0
8036,2
8036,3
8036,5
8036,6
8037,0
8037,2
8037,3
8038,1
8038,2
8039,0
8039,1
8039,3
8040,0
8040,1
8040,3
8040,4
8041,0
8041,2
8041,3
8041,5
8042,0
8042,2
8042,3
8043,0
8043,2
8043,3
8044,0
8044,1
8044,3
8045,1
8045,2
8045,4
8046,0
8046,2
8046,3
8046,5
8046,7
8046,8
8047,0
8047,1
