0,505
0,504
0,503
0,502
0,500
0,499
0,498
0,497
0,496
0,456
4408,35
4330,1
4330,6
4263,1
4263,8
4227,3
4227,2
4227,1
4227,0
4226,4
4226,3
4226,2
4226,1
4226,0
4225,5
4225,4
4225,3
4225,2
4225,1
4225,0
4224,3
4224,2
4224,1
4224,0
4223,4
4223,3
4223,2
4223,1
4223,0
4222,4
4222,3
4222,2
4222,1
4222,0
4221,4
4221,3
4221,2
4221,1
4221,0
4220,8
4220,7
4220,6
4220,5
4220,4
4220,3
4220,2
4220,1
4220,0
4219,6
4219,5
4219,4
4219,3
4219,2
4219,1
4219,0
4218,11
4218,10
4218,9
4218,8
4218,7
4218,6
4218,5
4218,4
4218,3
4218,2
4218,1
4218,0
4216,3
4216,2
4216,1
4216,0
4215,4
4215,3
4215,2
4215,1
4215,0
4214,5
4214,4
4214,1
4189,5
4189,4
4189,1
4188,12
4188,11
4188,10
4188,9
4188,8
4188,7
4188,6
4188,5
4188,4
4188,1
4180,4
4180,3
4180,2
4180,1
4180,0
4174,17
4174,16
4174,15
4174,14
4174,13
4174,12
4174,11
4174,10
4174,9
4174,8
4174,7
4174,6
4174,5
4174,4
4174,1
4172,3
4172,2
4172,1
4172,0
4171,3
4171,2
4171,1
4171,0
4145,5
4145,4
4145,1
4135,14
4135,13
4135,12
4135,11
4135,10
4135,9
4135,8
4135,7
4135,1
4108,3
4108,2
4108,1
4108,0
20,3
20,2
20,1
19,3
19,2
19,1
18,3
18,1
14,4
14,3
14,1
13,4
13,3
13,1
12,3
12,2
12,1
8,18
8,17
8,16
8,11
8,7
8,6
8,4
8,3
8,2
8,1
2,3
2,2
2,1
0,572
0,528
0,526
0,519
0,425
0,400
0,0
4408,34
4408,33
4408,32
4408,31
4408,30
4408,29
4408,28
4408,27
4408,26
4408,25
4408,24
4408,23
4408,22
4408,21
4408,20
4408,19
4408,18
4408,17
4408,16
4408,15
4408,14
4408,13
4408,12
4408,11
4408,10
4408,9
4408,8
4408,7
4408,6
4408,5
4408,4
4408,3
4408,2
4408,0
0,556
0,554
0,529
0,313
0,575
0,574
0,276
0,387
0,386
0,275
0,272
0,271
0,508
0,12
0,501
0,10
0,308
